#this file contains the output of the performance_and_conf_matrix.py script

#E-value treshold	Confusion matrix	ACC	TPR  FPR  MCC
0.00010170778674815344;[[314, 20], [0, 442424]];1.000;1.000;0.000;0.970
0.000108488305864697;[[314, 21], [0, 442423]];1.000;1.000;0.000;0.968
0.00011074847890354485;[[314, 23], [0, 442421]];1.000;1.000;0.000;0.965
0.00011752899802008842;[[314, 24], [0, 442420]];1.000;1.000;0.000;0.964
0.0001288298632143277;[[314, 25], [0, 442419]];1.000;1.000;0.000;0.962
0.0001378705553697191;[[314, 26], [0, 442418]];1.000;1.000;0.000;0.961
0.0001423909014474148;[[314, 27], [0, 442417]];1.000;1.000;0.000;0.960
0.00015143159360280623;[[314, 29], [0, 442415]];1.000;1.000;0.000;0.957
0.0001536917666416541;[[314, 32], [0, 442412]];1.000;1.000;0.000;0.953
0.00016725280487474121;[[314, 33], [0, 442411]];1.000;1.000;0.000;0.951
0.00016951297791358905;[[314, 36], [0, 442408]];1.000;1.000;0.000;0.947
0.00017177315095243692;[[314, 37], [0, 442407]];1.000;1.000;0.000;0.946
0.00017629349703013263;[[314, 38], [0, 442406]];1.000;1.000;0.000;0.944
0.00017855367006898047;[[314, 39], [0, 442405]];1.000;1.000;0.000;0.943
0.00018533418918552404;[[314, 40], [0, 442404]];1.000;1.000;0.000;0.942
0.00018985453526321975;[[314, 41], [0, 442403]];1.000;1.000;0.000;0.940
0.00020341557349630687;[[314, 42], [0, 442402]];1.000;1.000;0.000;0.939
0.00020793591957400258;[[314, 43], [0, 442401]];1.000;1.000;0.000;0.938
0.00021245626565169828;[[314, 44], [0, 442400]];1.000;1.000;0.000;0.936
0.00022375713084593757;[[314, 45], [0, 442399]];1.000;1.000;0.000;0.935
0.0002260173038847854;[[314, 46], [0, 442398]];1.000;1.000;0.000;0.934
0.00024861903427326397;[[314, 48], [0, 442396]];1.000;1.000;0.000;0.931
0.0002712207646617425;[[314, 52], [0, 442392]];1.000;1.000;0.000;0.926
0.00029382249505022104;[[314, 58], [0, 442386]];1.000;1.000;0.000;0.919
0.0003164242254386996;[[314, 59], [0, 442385]];1.000;1.000;0.000;0.917
0.0003390259558271781;[[314, 62], [0, 442382]];1.000;1.000;0.000;0.914
0.00036162768621565667;[[314, 73], [0, 442371]];1.000;1.000;0.000;0.901
0.00038422941660413523;[[314, 80], [0, 442364]];1.000;1.000;0.000;0.893
0.00040683114699261374;[[314, 83], [0, 442361]];1.000;1.000;0.000;0.889
0.0004294328773810923;[[314, 87], [0, 442357]];1.000;1.000;0.000;0.885
0.0004520346077695708;[[314, 92], [0, 442352]];1.000;1.000;0.000;0.879
0.0004746363381580494;[[314, 101], [0, 442343]];1.000;1.000;0.000;0.870
0.0004972380685465279;[[314, 104], [0, 442340]];1.000;1.000;0.000;0.867
0.0005198397989350065;[[314, 111], [0, 442333]];1.000;1.000;0.000;0.859
0.000542441529323485;[[314, 114], [0, 442330]];1.000;1.000;0.000;0.856
0.0005650432597119635;[[314, 116], [0, 442328]];1.000;1.000;0.000;0.854
0.0005876449901004421;[[314, 130], [0, 442314]];1.000;1.000;0.000;0.841
0.0006102467204889206;[[314, 139], [0, 442305]];1.000;1.000;0.000;0.832
0.0006328484508773992;[[314, 142], [0, 442302]];1.000;1.000;0.000;0.830
0.0006554501812658778;[[314, 148], [0, 442296]];1.000;1.000;0.000;0.824
0.0006780519116543562;[[314, 150], [0, 442294]];1.000;1.000;0.000;0.822
0.0007006536420428348;[[314, 154], [0, 442290]];1.000;1.000;0.000;0.819
0.0007232553724313133;[[314, 161], [0, 442283]];1.000;1.000;0.000;0.813
0.0007458571028197919;[[314, 168], [0, 442276]];1.000;1.000;0.000;0.807
0.0007684588332082705;[[314, 174], [0, 442270]];1.000;1.000;0.000;0.802
0.0007910605635967489;[[314, 178], [0, 442266]];1.000;1.000;0.000;0.799
0.0008136622939852275;[[314, 188], [0, 442256]];1.000;1.000;0.000;0.791
0.000836264024373706;[[314, 197], [0, 442247]];1.000;1.000;0.000;0.784
0.0008588657547621846;[[314, 199], [0, 442245]];1.000;1.000;0.000;0.782
0.0008814674851506632;[[314, 204], [0, 442240]];1.000;1.000;0.000;0.778
0.0009040692155391416;[[314, 211], [0, 442233]];1.000;1.000;0.000;0.773
0.0009266709459276202;[[314, 215], [0, 442229]];1.000;1.000;0.000;0.770
0.0009492726763160987;[[314, 226], [0, 442218]];0.999;1.000;0.001;0.762
0.0009718744067045773;[[314, 237], [0, 442207]];0.999;1.000;0.001;0.755
0.0009944761370930559;[[314, 245], [0, 442199]];0.999;1.000;0.001;0.749
0.0010170778674815344;[[314, 252], [0, 442192]];0.999;1.000;0.001;0.745
0.001039679597870013;[[314, 260], [0, 442184]];0.999;1.000;0.001;0.739
0.0010622813282584916;[[314, 264], [0, 442180]];0.999;1.000;0.001;0.737
0.00108488305864697;[[314, 272], [0, 442172]];0.999;1.000;0.001;0.732
0.0011074847890354485;[[314, 279], [0, 442165]];0.999;1.000;0.001;0.727
0.001130086519423927;[[314, 287], [0, 442157]];0.999;1.000;0.001;0.723
0.0011526882498124056;[[314, 297], [0, 442147]];0.999;1.000;0.001;0.717
0.0011752899802008842;[[314, 302], [0, 442142]];0.999;1.000;0.001;0.714
0.0011978917105893627;[[314, 305], [0, 442139]];0.999;1.000;0.001;0.712
0.0012204934409778413;[[314, 310], [0, 442134]];0.999;1.000;0.001;0.709
0.0012430951713663198;[[314, 318], [0, 442126]];0.999;1.000;0.001;0.705
0.0012656969017547984;[[314, 331], [0, 442113]];0.999;1.000;0.001;0.697
0.001288298632143277;[[314, 335], [0, 442109]];0.999;1.000;0.001;0.695
0.0013109003625317555;[[314, 344], [0, 442100]];0.999;1.000;0.001;0.691
0.0013335020929202339;[[314, 351], [0, 442093]];0.999;1.000;0.001;0.687
0.0013561038233087124;[[314, 355], [0, 442089]];0.999;1.000;0.001;0.685
0.001378705553697191;[[314, 362], [0, 442082]];0.999;1.000;0.001;0.681
0.0014013072840856696;[[314, 366], [0, 442078]];0.999;1.000;0.001;0.679
0.0014239090144741481;[[314, 385], [0, 442059]];0.999;1.000;0.001;0.670
0.0014465107448626267;[[314, 391], [0, 442053]];0.999;1.000;0.001;0.667
0.0014691124752511052;[[314, 403], [0, 442041]];0.999;1.000;0.001;0.661
0.0014917142056395838;[[314, 409], [0, 442035]];0.999;1.000;0.001;0.659
0.0015143159360280624;[[314, 413], [0, 442031]];0.999;1.000;0.001;0.657
0.001536917666416541;[[314, 418], [0, 442026]];0.999;1.000;0.001;0.655
0.0015595193968050195;[[314, 423], [0, 442021]];0.999;1.000;0.001;0.652
0.0015821211271934978;[[314, 429], [0, 442015]];0.999;1.000;0.001;0.650
0.0016047228575819764;[[314, 430], [0, 442014]];0.999;1.000;0.001;0.649
0.001627324587970455;[[314, 439], [0, 442005]];0.999;1.000;0.001;0.645
0.0016499263183589335;[[314, 446], [0, 441998]];0.999;1.000;0.001;0.642
0.001672528048747412;[[314, 453], [0, 441991]];0.999;1.000;0.001;0.640
0.0016951297791358907;[[314, 461], [0, 441983]];0.999;1.000;0.001;0.636
0.0017177315095243692;[[314, 467], [0, 441977]];0.999;1.000;0.001;0.634
0.0017403332399128478;[[314, 476], [0, 441968]];0.999;1.000;0.001;0.630
0.0017629349703013263;[[314, 485], [0, 441959]];0.999;1.000;0.001;0.627
0.001785536700689805;[[314, 493], [0, 441951]];0.999;1.000;0.001;0.623
0.0018081384310782832;[[314, 498], [0, 441946]];0.999;1.000;0.001;0.622
0.0018307401614667618;[[314, 515], [0, 441929]];0.999;1.000;0.001;0.615
0.0018533418918552404;[[314, 517], [0, 441927]];0.999;1.000;0.001;0.614
0.001875943622243719;[[314, 525], [0, 441919]];0.999;1.000;0.001;0.611
0.0018985453526321975;[[314, 533], [0, 441911]];0.999;1.000;0.001;0.609
0.001921147083020676;[[314, 540], [0, 441904]];0.999;1.000;0.001;0.606
0.0019437488134091546;[[314, 545], [0, 441899]];0.999;1.000;0.001;0.604
0.001966350543797633;[[314, 557], [0, 441887]];0.999;1.000;0.001;0.600
0.0019889522741861117;[[314, 569], [0, 441875]];0.999;1.000;0.001;0.596
0.0020115540045745903;[[314, 576], [0, 441868]];0.999;1.000;0.001;0.594
0.002034155734963069;[[314, 584], [0, 441860]];0.999;1.000;0.001;0.591
0.0020567574653515474;[[314, 591], [0, 441853]];0.999;1.000;0.001;0.589
0.002079359195740026;[[314, 595], [0, 441849]];0.999;1.000;0.001;0.587
0.0021019609261285046;[[314, 597], [0, 441847]];0.999;1.000;0.001;0.587
0.002124562656516983;[[314, 607], [0, 441837]];0.999;1.000;0.001;0.583
0.0021471643869054617;[[314, 613], [0, 441831]];0.999;1.000;0.001;0.582
0.00216976611729394;[[314, 625], [0, 441819]];0.999;1.000;0.001;0.578
0.0021923678476824184;[[314, 634], [0, 441810]];0.999;1.000;0.001;0.575
0.002214969578070897;[[314, 636], [0, 441808]];0.999;1.000;0.001;0.575
0.0022375713084593755;[[314, 640], [0, 441804]];0.999;1.000;0.001;0.573
0.002260173038847854;[[314, 689], [0, 441755]];0.998;1.000;0.002;0.559
0.0024861903427326397;[[314, 748], [0, 441696]];0.998;1.000;0.002;0.543
0.002712207646617425;[[314, 804], [0, 441640]];0.998;1.000;0.002;0.529
0.0029382249505022105;[[314, 906], [0, 441538]];0.998;1.000;0.002;0.507
0.0031642422543869957;[[314, 1008], [0, 441436]];0.998;1.000;0.002;0.487
0.0033902595582717813;[[314, 1104], [0, 441340]];0.998;1.000;0.002;0.470
0.0036162768621565665;[[314, 1171], [0, 441273]];0.997;1.000;0.003;0.459
0.003842294166041352;[[314, 1260], [0, 441184]];0.997;1.000;0.003;0.446
0.004068311469926138;[[314, 1343], [0, 441101]];0.997;1.000;0.003;0.435
0.004294328773810923;[[314, 1402], [0, 441042]];0.997;1.000;0.003;0.427
0.004520346077695708;[[314, 1469], [0, 440975]];0.997;1.000;0.003;0.419
0.004746363381580494;[[314, 1563], [0, 440881]];0.996;1.000;0.004;0.408
0.004972380685465279;[[314, 1654], [0, 440790]];0.996;1.000;0.004;0.399
0.005198397989350065;[[314, 1716], [0, 440728]];0.996;1.000;0.004;0.393
0.00542441529323485;[[314, 1773], [0, 440671]];0.996;1.000;0.004;0.387
0.005650432597119635;[[314, 1867], [0, 440577]];0.996;1.000;0.004;0.379
0.005876449901004421;[[314, 1938], [0, 440506]];0.996;1.000;0.004;0.373
0.006102467204889207;[[314, 2063], [0, 440381]];0.995;1.000;0.005;0.363
0.006328484508773991;[[314, 2155], [0, 440289]];0.995;1.000;0.005;0.356
0.006554501812658777;[[314, 2235], [0, 440209]];0.995;1.000;0.005;0.350
0.006780519116543563;[[314, 2297], [0, 440147]];0.995;1.000;0.005;0.346
0.007006536420428348;[[314, 2370], [0, 440074]];0.995;1.000;0.005;0.341
0.007232553724313133;[[314, 2453], [0, 439991]];0.994;1.000;0.006;0.336
0.007458571028197919;[[314, 2537], [0, 439907]];0.994;1.000;0.006;0.331
0.007684588332082704;[[314, 2599], [0, 439845]];0.994;1.000;0.006;0.327
0.00791060563596749;[[314, 2680], [0, 439764]];0.994;1.000;0.006;0.323
0.008136622939852275;[[314, 2734], [0, 439710]];0.994;1.000;0.006;0.320
0.008362640243737061;[[314, 2816], [0, 439628]];0.994;1.000;0.006;0.316
0.008588657547621847;[[314, 2912], [0, 439532]];0.993;1.000;0.007;0.311
0.00881467485150663;[[314, 2990], [0, 439454]];0.993;1.000;0.007;0.307
0.009040692155391416;[[314, 3067], [0, 439377]];0.993;1.000;0.007;0.304
0.009266709459276202;[[314, 3169], [0, 439275]];0.993;1.000;0.007;0.299
0.009492726763160987;[[314, 3246], [0, 439198]];0.993;1.000;0.007;0.296
0.009718744067045773;[[314, 3339], [0, 439105]];0.992;1.000;0.008;0.292
0.009944761370930559;[[314, 3413], [0, 439031]];0.992;1.000;0.008;0.289
0.010170778674815344;[[314, 3504], [0, 438940]];0.992;1.000;0.008;0.286
0.01039679597870013;[[314, 3578], [0, 438866]];0.992;1.000;0.008;0.283
0.010622813282584914;[[314, 3653], [0, 438791]];0.992;1.000;0.008;0.280
0.0108488305864697;[[314, 3720], [0, 438724]];0.992;1.000;0.008;0.278
0.011074847890354485;[[314, 3817], [0, 438627]];0.991;1.000;0.009;0.275
0.01130086519423927;[[314, 3878], [0, 438566]];0.991;1.000;0.009;0.272
0.011526882498124056;[[314, 3944], [0, 438500]];0.991;1.000;0.009;0.270
0.011752899802008842;[[314, 4006], [0, 438438]];0.991;1.000;0.009;0.268
0.011978917105893628;[[314, 4074], [0, 438370]];0.991;1.000;0.009;0.266
0.012204934409778413;[[314, 4148], [0, 438296]];0.991;1.000;0.009;0.264
0.012430951713663199;[[314, 4239], [0, 438205]];0.990;1.000;0.010;0.261
0.012656969017547983;[[314, 4319], [0, 438125]];0.990;1.000;0.010;0.259
0.012882986321432768;[[314, 4403], [0, 438041]];0.990;1.000;0.010;0.257
0.013109003625317554;[[314, 4532], [0, 437912]];0.990;1.000;0.010;0.253
0.01333502092920234;[[314, 4680], [0, 437764]];0.989;1.000;0.011;0.249
0.013561038233087125;[[314, 4805], [0, 437639]];0.989;1.000;0.011;0.246
0.01378705553697191;[[314, 4903], [0, 437541]];0.989;1.000;0.011;0.244
0.014013072840856696;[[314, 5008], [0, 437436]];0.989;1.000;0.011;0.242
0.014239090144741482;[[314, 5094], [0, 437350]];0.988;1.000;0.012;0.240
0.014465107448626266;[[314, 5172], [0, 437272]];0.988;1.000;0.012;0.238
0.014691124752511052;[[314, 5285], [0, 437159]];0.988;1.000;0.012;0.235
0.014917142056395837;[[314, 5382], [0, 437062]];0.988;1.000;0.012;0.233
0.015143159360280623;[[314, 5486], [0, 436958]];0.988;1.000;0.012;0.231
0.015369176664165408;[[314, 5571], [0, 436873]];0.987;1.000;0.013;0.230
0.015595193968050194;[[314, 5653], [0, 436791]];0.987;1.000;0.013;0.228
0.01582121127193498;[[314, 5748], [0, 436696]];0.987;1.000;0.013;0.226
0.016047228575819764;[[314, 5841], [0, 436603]];0.987;1.000;0.013;0.224
0.01627324587970455;[[314, 5947], [0, 436497]];0.987;1.000;0.013;0.222
0.016499263183589335;[[314, 6019], [0, 436425]];0.986;1.000;0.014;0.221
0.016725280487474122;[[314, 6110], [0, 436334]];0.986;1.000;0.014;0.220
0.016951297791358906;[[314, 6187], [0, 436257]];0.986;1.000;0.014;0.218
0.017177315095243693;[[314, 6296], [0, 436148]];0.986;1.000;0.014;0.216
0.017403332399128477;[[314, 6381], [0, 436063]];0.986;1.000;0.014;0.215
0.01762934970301326;[[314, 6460], [0, 435984]];0.985;1.000;0.015;0.214
0.01785536700689805;[[314, 6544], [0, 435900]];0.985;1.000;0.015;0.212
0.018081384310782832;[[314, 6649], [0, 435795]];0.985;1.000;0.015;0.211
0.01830740161466762;[[314, 6735], [0, 435709]];0.985;1.000;0.015;0.209
0.018533418918552404;[[314, 6824], [0, 435620]];0.985;1.000;0.015;0.208
0.01875943622243719;[[314, 6899], [0, 435545]];0.984;1.000;0.016;0.207
0.018985453526321975;[[314, 6982], [0, 435462]];0.984;1.000;0.016;0.206
0.019211470830206762;[[314, 7059], [0, 435385]];0.984;1.000;0.016;0.205
0.019437488134091546;[[314, 7171], [0, 435273]];0.984;1.000;0.016;0.203
0.01966350543797633;[[314, 7247], [0, 435197]];0.984;1.000;0.016;0.202
0.019889522741861117;[[314, 7335], [0, 435109]];0.983;1.000;0.017;0.201
0.0201155400457459;[[314, 7396], [0, 435048]];0.983;1.000;0.017;0.200
0.02034155734963069;[[314, 7474], [0, 434970]];0.983;1.000;0.017;0.199
0.020567574653515473;[[314, 7536], [0, 434908]];0.983;1.000;0.017;0.198
0.02079359195740026;[[314, 7660], [0, 434784]];0.983;1.000;0.017;0.197
0.021019609261285044;[[314, 7733], [0, 434711]];0.983;1.000;0.017;0.196
0.021245626565169828;[[314, 7816], [0, 434628]];0.982;1.000;0.018;0.195
0.021471643869054615;[[314, 7908], [0, 434536]];0.982;1.000;0.018;0.194
0.0216976611729394;[[314, 8003], [0, 434441]];0.982;1.000;0.018;0.193
0.021923678476824186;[[314, 8126], [0, 434318]];0.982;1.000;0.018;0.191
0.02214969578070897;[[314, 8206], [0, 434238]];0.981;1.000;0.019;0.190
0.022375713084593758;[[314, 8283], [0, 434161]];0.981;1.000;0.019;0.189
0.02260173038847854;[[314, 8307], [0, 434137]];0.981;1.000;0.019;0.189
1.0;[[314, 442444], [0, 0]];0.001;1.000;1.000;0.000
1.0191082802547772e-44;[[15, 0], [299, 442444]];0.999;0.048;0.000;0.218
1.019108280254777e-24;[[200, 1], [114, 442443]];1.000;0.637;0.000;0.796
1.019108280254777e-28;[[60, 0], [254, 442444]];0.999;0.191;0.000;0.437
1.0828025477707005e-29;[[38, 0], [276, 442444]];0.999;0.121;0.000;0.348
1.0828025477707006e-20;[[286, 2], [28, 442442]];1.000;0.911;0.000;0.951
1.0828025477707006e-23;[[232, 1], [82, 442443]];1.000;0.739;0.000;0.858
1.1074847890354486e-28;[[60, 1], [254, 442443]];0.999;0.191;0.000;0.433
1.1146496815286623e-31;[[28, 0], [286, 442444]];0.999;0.089;0.000;0.299
1.1146496815286624e-21;[[266, 2], [48, 442442]];1.000;0.847;0.000;0.917
1.1464968152866241e-24;[[201, 1], [113, 442443]];1.000;0.640;0.000;0.798
1.1464968152866242e-23;[[233, 1], [81, 442443]];1.000;0.742;0.000;0.859
1.1464968152866242e-27;[[105, 1], [209, 442443]];1.000;0.334;0.000;0.575
1.1464968152866242e-39;[[26, 0], [288, 442444]];0.999;0.083;0.000;0.288
1.1783439490445861e-45;[[14, 0], [300, 442444]];0.999;0.045;0.000;0.211
1.178343949044586e-22;[[243, 2], [71, 442442]];1.000;0.774;0.000;0.876
1.178343949044586e-28;[[61, 1], [253, 442443]];0.999;0.194;0.000;0.437
1.2101910828025477e-27;[[106, 1], [208, 442443]];1.000;0.338;0.000;0.578
1.2420382165605096e-21;[[267, 2], [47, 442442]];1.000;0.850;0.000;0.919
1.2656969017547984e-08;[[313, 3], [1, 442441]];1.000;0.997;0.000;0.994
1.2738853503184712e-22;[[244, 2], [70, 442442]];1.000;0.777;0.000;0.878
1.2738853503184712e-23;[[235, 1], [79, 442443]];1.000;0.748;0.000;0.863
1.2738853503184713e-18;[[303, 2], [11, 442442]];1.000;0.965;0.000;0.979
1.2738853503184713e-28;[[62, 1], [252, 442443]];0.999;0.197;0.000;0.441
1.2738853503184714e-24;[[202, 1], [112, 442443]];1.000;0.643;0.000;0.800
1.2738853503184714e-27;[[107, 1], [207, 442443]];1.000;0.341;0.000;0.581
1.3057324840764332e-18;[[304, 2], [10, 442442]];1.000;0.968;0.000;0.981
1.3375796178343947e-51;[[8, 0], [306, 442444]];0.999;0.025;0.000;0.160
1.3375796178343948e-17;[[305, 2], [9, 442442]];1.000;0.971;0.000;0.982
1.3375796178343948e-65;[[4, 0], [310, 442444]];0.999;0.013;0.000;0.113
1.3375796178343949e-14;[[309, 2], [5, 442442]];1.000;0.984;0.000;0.989
1.337579617834395e-23;[[236, 1], [78, 442443]];1.000;0.752;0.000;0.865
1.337579617834395e-28;[[63, 1], [251, 442443]];0.999;0.201;0.000;0.444
1.337579617834395e-47;[[10, 0], [304, 442444]];0.999;0.032;0.000;0.178
1.3694267515923566e-28;[[64, 1], [250, 442443]];0.999;0.204;0.000;0.448
1.369426751592357e-20;[[288, 2], [26, 442442]];1.000;0.917;0.000;0.954
1.4012738853503184e-23;[[237, 1], [77, 442443]];1.000;0.755;0.000;0.867
1.4012738853503184e-25;[[172, 1], [142, 442443]];1.000;0.548;0.000;0.738
1.4012738853503185e-26;[[147, 1], [167, 442443]];1.000;0.468;0.000;0.682
1.4012738853503186e-27;[[108, 1], [206, 442443]];1.000;0.344;0.000;0.584
1.4331210191082801e-25;[[173, 1], [141, 442443]];1.000;0.551;0.000;0.740
1.4331210191082802e-11;[[311, 2], [3, 442442]];1.000;0.990;0.000;0.992
1.4331210191082803e-26;[[148, 1], [166, 442443]];1.000;0.471;0.000;0.684
1.4331210191082803e-27;[[110, 1], [204, 442443]];1.000;0.350;0.000;0.589
1.4331210191082803e-47;[[11, 0], [303, 442444]];0.999;0.035;0.000;0.187
1.43312101910828e-23;[[238, 1], [76, 442443]];1.000;0.758;0.000;0.869
1.464968152866242e-22;[[245, 2], [69, 442442]];1.000;0.780;0.000;0.880
1.464968152866242e-24;[[203, 1], [111, 442443]];1.000;0.646;0.000;0.802
1.464968152866242e-26;[[151, 1], [163, 442443]];1.000;0.481;0.000;0.691
1.496815286624204e-29;[[39, 0], [275, 442444]];0.999;0.124;0.000;0.352
1.5286624203821655e-24;[[204, 1], [110, 442443]];1.000;0.650;0.000;0.804
1.5286624203821656e-28;[[65, 1], [249, 442443]];0.999;0.207;0.000;0.451
1.5605095541401273e-27;[[111, 1], [203, 442443]];1.000;0.354;0.000;0.592
1.5605095541401274e-28;[[67, 1], [247, 442443]];0.999;0.213;0.000;0.458
1.592356687898089e-24;[[205, 1], [109, 442443]];1.000;0.653;0.000;0.806
1.592356687898089e-26;[[152, 1], [162, 442443]];1.000;0.484;0.000;0.693
1.592356687898089e-27;[[113, 1], [201, 442443]];1.000;0.360;0.000;0.597
1.6242038216560509e-28;[[68, 1], [246, 442443]];0.999;0.217;0.000;0.462
1.624203821656051e-29;[[40, 0], [274, 442444]];0.999;0.127;0.000;0.357
1.6560509554140126e-24;[[206, 1], [108, 442443]];1.000;0.656;0.000;0.808
1.6560509554140127e-20;[[289, 2], [25, 442442]];1.000;0.920;0.000;0.956
1.6560509554140127e-22;[[248, 2], [66, 442442]];1.000;0.790;0.000;0.885
1.6560509554140128e-23;[[239, 1], [75, 442443]];1.000;0.761;0.000;0.871
1.6560509554140128e-25;[[174, 1], [140, 442443]];1.000;0.554;0.000;0.742
1.6878980891719745e-26;[[153, 1], [161, 442443]];1.000;0.487;0.000;0.696
1.6878980891719745e-29;[[41, 0], [273, 442444]];0.999;0.131;0.000;0.361
1.7197452229299363e-25;[[176, 1], [138, 442443]];1.000;0.561;0.000;0.746
1.7197452229299363e-41;[[22, 0], [292, 442444]];0.999;0.070;0.000;0.265
1.7197452229299364e-24;[[207, 1], [107, 442443]];1.000;0.659;0.000;0.810
1.751592356687898e-24;[[208, 1], [106, 442443]];1.000;0.662;0.000;0.812
1.751592356687898e-25;[[177, 1], [137, 442443]];1.000;0.564;0.000;0.749
1.751592356687898e-30;[[30, 0], [284, 442444]];0.999;0.096;0.000;0.309
1.7834394904458598e-28;[[69, 1], [245, 442443]];0.999;0.220;0.000;0.465
1.78343949044586e-26;[[154, 1], [160, 442443]];1.000;0.490;0.000;0.698
1.8152866242038217e-27;[[115, 1], [199, 442443]];1.000;0.366;0.000;0.602
1.8152866242038219e-22;[[249, 2], [65, 442442]];1.000;0.793;0.000;0.887
1.8471337579617834e-22;[[251, 2], [63, 442442]];1.000;0.799;0.000;0.890
1.8471337579617835e-29;[[43, 0], [271, 442444]];0.999;0.137;0.000;0.370
1.8789808917197453e-13;[[310, 2], [4, 442442]];1.000;0.987;0.000;0.990
1.8789808917197453e-38;[[27, 0], [287, 442444]];0.999;0.086;0.000;0.293
1.9108280254777068e-24;[[210, 1], [104, 442443]];1.000;0.669;0.000;0.816
1.9108280254777072e-22;[[252, 2], [62, 442442]];1.000;0.803;0.000;0.892
1.9426751592356688e-22;[[253, 2], [61, 442442]];1.000;0.806;0.000;0.894
1.9426751592356688e-41;[[23, 0], [291, 442444]];0.999;0.073;0.000;0.271
1.9745222929936304e-23;[[240, 1], [74, 442443]];1.000;0.764;0.000;0.872
1.9745222929936306e-27;[[116, 1], [198, 442443]];1.000;0.369;0.000;0.605
2.0063694267515924e-60;[[7, 0], [307, 442444]];0.999;0.022;0.000;0.149
2.0063694267515925e-28;[[70, 1], [244, 442443]];0.999;0.223;0.000;0.469
2.006369426751592e-27;[[117, 1], [197, 442443]];1.000;0.373;0.000;0.608
2.038216560509554e-27;[[118, 1], [196, 442443]];1.000;0.376;0.000;0.610
2.038216560509554e-28;[[71, 1], [243, 442443]];0.999;0.226;0.000;0.472
2.038216560509554e-42;[[21, 0], [293, 442444]];0.999;0.067;0.000;0.259
2.070063694267516e-27;[[119, 1], [195, 442443]];1.000;0.379;0.000;0.613
2.1019108280254777e-19;[[299, 2], [15, 442442]];1.000;0.952;0.000;0.973
2.1656050955414013e-25;[[178, 1], [136, 442443]];1.000;0.567;0.000;0.751
2.165605095541401e-29;[[44, 0], [270, 442444]];0.999;0.140;0.000;0.374
2.1974522292993632e-24;[[211, 1], [103, 442443]];1.000;0.672;0.000;0.818
2.197452229299363e-25;[[179, 1], [135, 442443]];1.000;0.570;0.000;0.753
2.197452229299363e-28;[[72, 1], [242, 442443]];0.999;0.229;0.000;0.475
2.229299363057325e-68;[[1, 0], [313, 442444]];0.999;0.003;0.000;0.056
2.2929936305732484e-28;[[75, 1], [239, 442443]];0.999;0.239;0.000;0.485
2.292993630573248e-22;[[254, 2], [60, 442442]];1.000;0.809;0.000;0.896
2.3248407643312104e-25;[[180, 1], [134, 442443]];1.000;0.573;0.000;0.755
2.3248407643312105e-26;[[155, 1], [159, 442443]];1.000;0.494;0.000;0.700
2.32484076433121e-29;[[45, 0], [269, 442444]];0.999;0.143;0.000;0.378
2.356687898089172e-17;[[306, 2], [8, 442442]];1.000;0.975;0.000;0.984
2.356687898089172e-23;[[241, 1], [73, 442443]];1.000;0.768;0.000;0.874
2.356687898089172e-25;[[181, 1], [133, 442443]];1.000;0.576;0.000;0.757
2.3885350318471336e-24;[[212, 1], [102, 442443]];1.000;0.675;0.000;0.820
2.4203821656050955e-27;[[120, 1], [194, 442443]];1.000;0.382;0.000;0.615
2.420382165605095e-22;[[255, 2], [59, 442442]];1.000;0.812;0.000;0.898
2.452229299363057e-25;[[182, 1], [132, 442443]];1.000;0.580;0.000;0.759
2.4840764331210188e-29;[[46, 0], [268, 442444]];0.999;0.146;0.000;0.383
2.484076433121019e-30;[[31, 0], [283, 442444]];0.999;0.099;0.000;0.314
2.515923566878981e-21;[[268, 2], [46, 442442]];1.000;0.854;0.000;0.920
2.515923566878981e-25;[[183, 1], [131, 442443]];1.000;0.583;0.000;0.761
2.515923566878981e-27;[[122, 1], [192, 442443]];1.000;0.389;0.000;0.621
2.515923566878981e-28;[[77, 1], [237, 442443]];0.999;0.245;0.000;0.492
2.5796178343949045e-28;[[79, 1], [235, 442443]];0.999;0.252;0.000;0.498
2.5796178343949046e-25;[[184, 1], [130, 442443]];1.000;0.586;0.000;0.763
2.5796178343949047e-24;[[213, 1], [101, 442443]];1.000;0.678;0.000;0.822
2.6114649681528664e-22;[[256, 2], [58, 442442]];1.000;0.815;0.000;0.899
2.6433121019108277e-26;[[156, 1], [158, 442443]];1.000;0.497;0.000;0.702
2.707006369426752e-40;[[25, 0], [289, 442444]];0.999;0.080;0.000;0.282
2.712207646617425e-06;[[314, 5], [0, 442439]];1.000;1.000;0.000;0.992
2.770700636942675e-23;[[242, 1], [72, 442443]];1.000;0.771;0.000;0.876
2.770700636942675e-24;[[214, 1], [100, 442443]];1.000;0.682;0.000;0.824
2.770700636942675e-28;[[80, 1], [234, 442443]];0.999;0.255;0.000;0.501
2.9299363057324838e-27;[[123, 1], [191, 442443]];1.000;0.392;0.000;0.623
2.9299363057324842e-28;[[81, 1], [233, 442443]];0.999;0.258;0.000;0.505
2.929936305732484e-65;[[5, 0], [309, 442444]];0.999;0.016;0.000;0.126
3.0573248407643316e-21;[[269, 2], [45, 442442]];1.000;0.857;0.000;0.922
3.057324840764331e-24;[[216, 1], [98, 442443]];1.000;0.688;0.000;0.827
3.057324840764331e-28;[[86, 1], [228, 442443]];0.999;0.274;0.000;0.520
3.1528662420382166e-27;[[124, 1], [190, 442443]];1.000;0.395;0.000;0.626
3.152866242038217e-26;[[157, 1], [157, 442443]];1.000;0.500;0.000;0.705
3.1847133757961783e-29;[[47, 0], [267, 442444]];0.999;0.150;0.000;0.387
3.1847133757961784e-44;[[16, 0], [298, 442444]];0.999;0.051;0.000;0.226
3.1847133757961785e-20;[[290, 2], [24, 442442]];1.000;0.924;0.000;0.958
3.1847133757961785e-28;[[87, 1], [227, 442443]];0.999;0.277;0.000;0.523
3.184713375796178e-24;[[217, 1], [97, 442443]];1.000;0.691;0.000;0.829
3.184713375796178e-26;[[158, 1], [156, 442443]];1.000;0.503;0.000;0.707
3.184713375796178e-27;[[126, 1], [188, 442443]];1.000;0.401;0.000;0.631
3.184713375796178e-30;[[32, 0], [282, 442444]];0.999;0.102;0.000;0.319
3.184713375796178e-47;[[12, 0], [302, 442444]];0.999;0.038;0.000;0.195
3.5031847133757964e-20;[[294, 2], [20, 442442]];1.000;0.936;0.000;0.964
3.5031847133757964e-27;[[128, 1], [186, 442443]];1.000;0.408;0.000;0.636
3.5031847133757965e-28;[[88, 1], [226, 442443]];0.999;0.280;0.000;0.526
3.5031847133757966e-50;[[9, 0], [305, 442444]];0.999;0.029;0.000;0.169
3.503184713375796e-15;[[307, 2], [7, 442442]];1.000;0.978;0.000;0.986
3.503184713375796e-24;[[218, 1], [96, 442443]];1.000;0.694;0.000;0.831
3.503184713375796e-30;[[33, 0], [281, 442444]];0.999;0.105;0.000;0.324
3.503184713375796e-63;[[6, 0], [308, 442444]];0.999;0.019;0.000;0.138
3.8216560509554135e-27;[[130, 1], [184, 442443]];1.000;0.414;0.000;0.641
3.8216560509554136e-24;[[219, 1], [95, 442443]];1.000;0.697;0.000;0.833
3.8216560509554144e-22;[[258, 2], [56, 442442]];1.000;0.822;0.000;0.903
3.821656050955414e-15;[[308, 2], [6, 442442]];1.000;0.981;0.000;0.987
3.821656050955414e-25;[[186, 1], [128, 442443]];1.000;0.592;0.000;0.767
3.821656050955414e-26;[[159, 1], [155, 442443]];1.000;0.506;0.000;0.709
3.821656050955414e-28;[[89, 1], [225, 442443]];0.999;0.283;0.000;0.529
3.821656050955414e-29;[[51, 0], [263, 442444]];0.999;0.162;0.000;0.403
4.140127388535032e-21;[[270, 2], [44, 442442]];1.000;0.860;0.000;0.924
4.140127388535032e-22;[[259, 2], [55, 442442]];1.000;0.825;0.000;0.905
4.140127388535032e-24;[[220, 1], [94, 442443]];1.000;0.701;0.000;0.835
4.140127388535032e-25;[[187, 1], [127, 442443]];1.000;0.596;0.000;0.770
4.140127388535032e-27;[[131, 1], [183, 442443]];1.000;0.417;0.000;0.643
4.140127388535032e-28;[[90, 1], [224, 442443]];0.999;0.287;0.000;0.532
4.140127388535032e-67;[[2, 0], [312, 442444]];0.999;0.006;0.000;0.080
4.294328773810923e-23;[[242, 2], [72, 442442]];1.000;0.771;0.000;0.874
4.4585987261146493e-20;[[295, 2], [19, 442442]];1.000;0.939;0.000;0.966
4.4585987261146496e-29;[[52, 0], [262, 442444]];0.999;0.166;0.000;0.407
4.45859872611465e-19;[[300, 2], [14, 442442]];1.000;0.955;0.000;0.974
4.45859872611465e-21;[[274, 2], [40, 442442]];1.000;0.873;0.000;0.931
4.45859872611465e-27;[[133, 1], [181, 442443]];1.000;0.424;0.000;0.648
4.746363381580494e-05;[[314, 8], [0, 442436]];1.000;1.000;0.000;0.987
4.777070063694267e-24;[[221, 1], [93, 442443]];1.000;0.704;0.000;0.837
4.777070063694268e-27;[[137, 1], [177, 442443]];1.000;0.436;0.000;0.658
5.0955414012738857e-20;[[298, 2], [16, 442442]];1.000;0.949;0.000;0.971
5.095541401273885e-26;[[160, 1], [154, 442443]];1.000;0.510;0.000;0.711
5.095541401273885e-28;[[91, 1], [223, 442443]];0.999;0.290;0.000;0.535
5.095541401273885e-41;[[24, 0], [290, 442444]];0.999;0.076;0.000;0.276
5.198397989350065e-06;[[314, 6], [0, 442438]];1.000;1.000;0.000;0.991
5.414012738853503e-27;[[140, 1], [174, 442443]];1.000;0.446;0.000;0.665
5.414012738853504e-29;[[53, 0], [261, 442444]];0.999;0.169;0.000;0.411
5.42441529323485e-05;[[314, 10], [0, 442434]];1.000;1.000;0.000;0.984
5.732484076433121e-22;[[260, 2], [54, 442442]];1.000;0.828;0.000;0.906
5.732484076433121e-24;[[222, 1], [92, 442443]];1.000;0.707;0.000;0.839
5.732484076433121e-26;[[161, 1], [153, 442443]];1.000;0.513;0.000;0.714
5.732484076433121e-27;[[141, 1], [173, 442443]];1.000;0.449;0.000;0.668
5.732484076433121e-28;[[92, 1], [222, 442443]];0.999;0.293;0.000;0.538
6.0509554140127384e-24;[[224, 1], [90, 442443]];1.000;0.713;0.000;0.843
6.050955414012739e-26;[[162, 1], [152, 442443]];1.000;0.516;0.000;0.716
6.050955414012739e-27;[[142, 1], [172, 442443]];1.000;0.452;0.000;0.670
6.050955414012739e-28;[[93, 1], [221, 442443]];0.999;0.296;0.000;0.541
6.05095541401274e-25;[[189, 1], [125, 442443]];1.000;0.602;0.000;0.774
6.369426751592356e-26;[[163, 1], [151, 442443]];1.000;0.519;0.000;0.718
6.369426751592357e-07;[[314, 3], [0, 442441]];1.000;1.000;0.000;0.995
6.369426751592357e-09;[[313, 2], [1, 442442]];1.000;0.997;0.000;0.995
6.369426751592357e-28;[[94, 1], [220, 442443]];1.000;0.299;0.000;0.544
6.369426751592357e-29;[[54, 0], [260, 442444]];0.999;0.172;0.000;0.415
6.369426751592357e-30;[[34, 0], [280, 442444]];0.999;0.108;0.000;0.329
6.554501812658777e-05;[[314, 11], [0, 442433]];1.000;1.000;0.000;0.983
6.6878980891719745e-28;[[95, 1], [219, 442443]];1.000;0.303;0.000;0.547
6.687898089171974e-21;[[276, 2], [38, 442442]];1.000;0.879;0.000;0.934
6.687898089171974e-22;[[261, 2], [53, 442442]];1.000;0.831;0.000;0.908
6.687898089171974e-27;[[143, 1], [171, 442443]];1.000;0.455;0.000;0.672
6.687898089171975e-25;[[191, 1], [123, 442443]];1.000;0.608;0.000;0.778
6.780519116543562e-05;[[314, 12], [0, 442432]];1.000;1.000;0.000;0.981
7.0063694267515925e-43;[[17, 0], [297, 442444]];0.999;0.054;0.000;0.233
7.006369426751592e-21;[[278, 2], [36, 442442]];1.000;0.885;0.000;0.938
7.006369426751592e-24;[[226, 1], [88, 442443]];1.000;0.720;0.000;0.846
7.006369426751592e-25;[[192, 1], [122, 442443]];1.000;0.611;0.000;0.780
7.006369426751592e-26;[[165, 1], [149, 442443]];1.000;0.525;0.000;0.723
7.006536420428349e-05;[[314, 13], [0, 442431]];1.000;1.000;0.000;0.980
7.232553724313134e-05;[[314, 14], [0, 442430]];1.000;1.000;0.000;0.978
7.3248407643312095e-28;[[96, 1], [218, 442443]];1.000;0.306;0.000;0.550
7.324840764331211e-26;[[166, 1], [148, 442443]];1.000;0.529;0.000;0.725
7.324840764331211e-29;[[56, 0], [258, 442444]];0.999;0.178;0.000;0.422
7.32484076433121e-22;[[262, 2], [52, 442442]];1.000;0.834;0.000;0.910
7.643312101910828e-26;[[167, 1], [147, 442443]];1.000;0.532;0.000;0.727
7.643312101910828e-28;[[98, 1], [216, 442443]];1.000;0.312;0.000;0.556
7.643312101910828e-43;[[19, 0], [295, 442444]];0.999;0.061;0.000;0.246
7.643312101910829e-22;[[263, 2], [51, 442442]];1.000;0.838;0.000;0.912
7.684588332082705e-05;[[314, 15], [0, 442429]];1.000;1.000;0.000;0.977
7.961783439490445e-24;[[227, 1], [87, 442443]];1.000;0.723;0.000;0.848
7.961783439490445e-25;[[194, 1], [120, 442443]];1.000;0.618;0.000;0.784
7.961783439490446e-26;[[168, 1], [146, 442443]];1.000;0.535;0.000;0.729
7.961783439490446e-27;[[144, 1], [170, 442443]];1.000;0.459;0.000;0.675
7.961783439490446e-29;[[57, 0], [257, 442444]];0.999;0.182;0.000;0.426
7.961783439490447e-46;[[13, 0], [301, 442444]];0.999;0.041;0.000;0.203
8.280254777070063e-19;[[302, 2], [12, 442442]];1.000;0.962;0.000;0.977
8.280254777070063e-25;[[195, 1], [119, 442443]];1.000;0.621;0.000;0.786
8.280254777070064e-26;[[170, 1], [144, 442443]];1.000;0.541;0.000;0.734
8.280254777070065e-11;[[312, 2], [2, 442442]];1.000;0.994;0.000;0.994
8.280254777070065e-30;[[35, 0], [279, 442444]];0.999;0.111;0.000;0.334
8.598726114649681e-21;[[282, 2], [32, 442442]];1.000;0.898;0.000;0.944
8.598726114649681e-27;[[145, 1], [169, 442443]];1.000;0.462;0.000;0.677
8.598726114649681e-28;[[101, 1], [213, 442443]];1.000;0.322;0.000;0.564
8.917197452229299e-28;[[102, 1], [212, 442443]];1.000;0.325;0.000;0.567
9.040692155391417e-05;[[314, 18], [0, 442426]];1.000;1.000;0.000;0.972
9.235668789808916e-29;[[59, 0], [255, 442444]];0.999;0.188;0.000;0.433
9.235668789808917e-21;[[285, 2], [29, 442442]];1.000;0.908;0.000;0.949
9.235668789808917e-24;[[228, 1], [86, 442443]];1.000;0.726;0.000;0.850
9.235668789808917e-30;[[36, 0], [278, 442444]];0.999;0.115;0.000;0.338
9.235668789808918e-22;[[264, 2], [50, 442442]];1.000;0.841;0.000;0.913
9.235668789808918e-28;[[103, 1], [211, 442443]];1.000;0.328;0.000;0.570
9.554140127388534e-24;[[229, 1], [85, 442443]];1.000;0.729;0.000;0.852
9.554140127388534e-25;[[199, 1], [115, 442443]];1.000;0.634;0.000;0.794
9.554140127388536e-27;[[146, 1], [168, 442443]];1.000;0.465;0.000;0.679
9.718744067045773e-05;[[314, 19], [0, 442425]];1.000;1.000;0.000;0.971
9.872611464968152e-24;[[230, 1], [84, 442443]];1.000;0.732;0.000;0.854
9.872611464968152e-26;[[171, 1], [143, 442443]];1.000;0.545;0.000;0.736
9.872611464968153e-22;[[265, 2], [49, 442442]];1.000;0.844;0.000;0.915
9.872611464968153e-28;[[104, 1], [210, 442443]];1.000;0.331;0.000;0.573
9.872611464968153e-66;[[3, 0], [311, 442444]];0.999;0.010;0.000;0.098
